15 10
F 6 1 6 6 9
F 5 1 3 20 3
W 5 1 9 0 9
W 5 1 9 3 1
A 5 2 4 1 5
H 5 1 5 12 5 0 0 0
S 4 1 4 5 8
T 5 1 2 10 4 25
T 5 1 2 5 0 25
g 5 80 0 6
u 5 30 7 1
s 5 10 10 1
s 5 10 1 2
b 5 20 2 7
b 5 20 14 0
g 4 80 1 0
g 4 80 9 6
d 4 70 1 8
g 3 80 3 2
g 3 80 9 7
d 3 70 2 2
b 3 20 3 6
g 3 80 2 14
g 3 80 9 5
d 3 70 4 1
d 3 70 0 8
d 3 70 1 7
d 3 70 3 10
u 2 30 8 2
u 2 30 8 0
s 2 10 0 1
b 2 20 15 1
b 2 20 13 14
b 2 20 15 14
d 2 70 3 14
d 2 70 2 8
g 2 80 2 3
d 2 70 3 3
g 2 80 9 4
d 2 70 4 2
d 2 70 5 14
d 2 70 6 14
d 2 70 0 7
d 1 70 9 8
d 1 70 4 3
g 1 80 0 5
d 1 70 5 2
g 0 80 1 6
u 0 30 7 2
u 0 30 6 0
b 0 20 3 7
g 0 80 2 0
g 0 80 1 14
d 0 70 2 9
g 0 80 2 1
g 0 80 8 8
g 0 80 3 0
g 0 80 3 13
d 0 70 4 0
d 0 70 4 9
u 0 30 8 1
b 0 20 16 14
b 0 20 16 0
g 0 80 3 4
d 0 70 4 4
d 0 70 2 4
g 0 80 0 3
d 0 70 6 13
d 0 70 5 13
d 0 70 5 4
d 0 70 6 2
